[[[-1.5699118  -1.4671633  -1.5185375  ... -1.3986642  -1.2959157
   -1.34729   ]
  [-1.5356623  -1.5356623  -1.4500386  ... -1.34729    -1.2959157
   -1.3130405 ]
  [-1.5185375  -1.4671633  -1.5014129  ... -1.3301653  -1.2959157
   -1.34729   ]
  ...
  [-1.5699118  -1.5014129  -1.415789   ... -1.2787911  -1.2787911
   -1.2787911 ]
  [-1.5185375  -1.5014129  -1.4671633  ... -1.3301653  -1.2787911
   -1.2787911 ]
  [-1.5527871  -1.5014129  -1.4842881  ... -1.34729    -1.3644148
   -1.34729   ]]

 [[-1.5630251  -1.4754901  -1.492997   ... -1.492997   -1.4229691
   -1.4579831 ]
  [-1.545518   -1.5805321  -1.5105041  ... -1.4579831  -1.4229691
   -1.4229691 ]
  [-1.5805321  -1.5280111  -1.5105041  ... -1.4579831  -1.405462
   -1.4404761 ]
  ...
  [-1.5805321  -1.5805321  -1.492997   ... -1.405462   -1.405462
   -1.4229691 ]
  [-1.5630251  -1.5630251  -1.5280111  ... -1.4579831  -1.4229691
   -1.4229691 ]
  [-1.545518   -1.5805321  -1.5280111  ... -1.4579831  -1.4579831
   -1.4579831 ]]

 [[-1.0898474  -0.9852723  -0.9678431  ... -0.86326796 -0.74126357
   -0.8109804 ]
  [-1.0724182  -1.0027015  -0.9678431  ... -0.79355115 -0.776122
   -0.776122  ]
  [-1.0549891  -1.0027015  -0.9852723  ... -0.776122   -0.776122
   -0.79355115]
  ...
  [-1.1072767  -1.0201306  -0.9678431  ... -0.7238344  -0.74126357
   -0.79355115]
  [-1.1247058  -1.0375599  -1.0027015  ... -0.8109804  -0.75869274
   -0.79355115]
  [-1.1072767  -1.0549891  -1.0201306  ... -0.8458387  -0.8109804
   -0.79355115]]]